0 1
1 1
2 2
3 5
4 18
5 75
6 410
7 2729
8 20906
9 181499
10 1763490
11 18943701
12 222822578
13 2847624899
14 39282739034
15 581701775369
16 9202313110506
17 154873904848803
18 2762800622799362
19 52071171437696453
20 1033855049655584786
21 21567640717569135515
22 471630531427793184474
23 10787660036599729160073
24 257590656485400508526570
25 6409633590481106885238443
26 165928838963556686281573922
27 4462073606461933066205164757
28 124470791290376112779747519538
29 3597058248632667485834774744787
30 107559658152025736992729145688602
31 3324154021716716493547315823808809
32 106067493846954075776733869818571690
33 3490771207487802026912252686947947027
34 118383998479651470880820236769742970626
35 4133478159186775319059453592629838113797
36 148466883284989878437512550822854230352658
37 5481445352420515241156476193244518840746091
38 207869484082519643584315638277953840446577434
39 8091183220183213363917372778202719985232289001
40 323050241764467120657010255773065347194505456938
41 13221792999576068893608581609111277819003990469083
42 554385370502986503794555168916266730610467196696226
43 23800472503925739016685725335017718230553739515026261
44 1045621814306239157531002998400105114134277844808385202
45 46984273203395373976792685973065952164512160007637624931
46 2158255393499313903212082927942202089782466963438169674714
47 101302136630144243673379759349962180810448939966301926767305
48 4856256467469643118806194316437348317327977665078624121875050
49 237663171083338468176574492075827020760055609684313221330990595
50 11869083400376949860542615099405823676382105038378011862000897794
51 604633939869611565405341657317429021725251188176329557645177520837
52 31406516918059965680865664736257325402250876581953037087247238136082
53 1662789419855435280756739052454658397497445151265931825280570003097275
54 89699361348979440574892446493817889192025521039159505681046335507230298
55 4928629924280904107832080994922335566057426522666912778759544242870854345
56 275742303873016162993334148890481948831824673788763584293147151219193674090
57 15702963986779303421654568828418126279784537624068264714490996152144655541899
58 909968791161811244928813722709397567222660200173629169943011525490672471460386
59 53642399027881086676214279725435003843648941147467793817606390288082793832170069
60 3215890901233479183315421557340710488502421034040088080589515856994766501114885170
61 196012873715193401175240598556750196624241592424093151520640089591385750433927027571
62 12143413267488017813760385767737834313002989870524617531538918895465445391667840175258
63 764462755852518273705174701626956709565516299147218335923868723239500029911506139278569
64 48890146963903521270336767162233378251577881271616324752399689709527573463189634940751914
65 3175625708973013671736896904065221445090318436737641594508087377289295110807842538184903539
66 209448376023526763496484652612966049608988254627878473189023412444956918612108285373570230786
67 14023754193945744496817687746820540182703112604505467423344067298229020632764747600273561082373
68 953002525698749337404025000629367675993275320481700532707616230573962958507041523192093123367442
69 65716131253084771073442211640667257800445512280804520237430972959880155760676268720832291072566923
70 4597339045742811630317631138014707608541761322100673940031279280567722720829294882520372270882599066
71 326218604956107743085967120346130359889950966896733767088326168889905198880920567977707407009470271785
72 23474270417856070405031276241633242058232535476959089821573129898157315769479127168228420740251323843754
73 1712665678139724112295142655273939929134031909042480195840681935002187467062530208325988595076366779667643
74 126668440952563572975858393354766198588074556960144168879088233869276617168199347914660149149763818214822050
75 9495110493512461482308786820451754559529717820355027079761838585735660179426009936706128495059056980639853013
76 721256815025727357572294260281251837238410596395804683175855562141076441271756175743133290165090794875594010802
77 55508912517501885833797431196489916560048682883867843849203020179776321202816248385146136850015061961162369460227
78 4327578123341217252464933335276049379266383317947775367761128098637768221796255060878043558180775788903296708656218
79 341715694458641571557849568159255100712843370344222317320690437089678930171825556824207799285359472841434468685899657
80 27324546049737112337970264116494822065047881773136488243489149490990078949136528308971283856759332392710909447370165482
81 2212284388571107165781611993332988822586696908126093820457683923683280808650763134869940052161217347958161774552669114979
82 181327028898311363560972910294897590507362051309178707614881846470111869402927307791366115987082843296802375330313426157570
83 15043641122551564832155561964341562550972591977552582409291794263161519626430072434826851444029441515121925219631284878700997
84 1263132771054713528538951668433266633845396236059409416426864939272545374161235672967260108146387229460426767860563598204978706
85 107322048007469072111607421673489518653132380327112919409154091548826449059758036521062655381245890382005907854388739714407522267
86 9225980862978651208291242765017939329917153925886089277529025063157113452242647410138542971091447518913943130716629500184254706138
87 802344594534140331912900342615002524661600232483097644590336716240194631600796573504597187117887737839386684503956405150462227965961
88 70579175424187847891040247561331323213250152521605538406143916463164902317088700072970891029000625612653836590864788730555985725652714
89 6279185066310901811908479791681519675330599490717921523160316656244129334919069653277608102617553182326600305914768350684433129274225771
90 564918874925069766785543825775859640771943535688607904629571491438980895104124411727826803383565656241253186636929325302444720459068496418
91 51389128154778426270140512061075322234745305126912641920823441051434477711367808962025452150138809006180882927947999334598941649993576157653
92 4726136006932829841756656692994873046276644196621999149683111591638680539712647794898431729928281919988537391030220428397116561515931919558706
93 439379268255816157119192221036873457697216106686723669006831537143765443685241310523161734404532835529515939364972073580995070968590507436314131
94 41287726370932560560906980994030157648557212048020625920566887920069905703189387645355240248179203775175864598626859102661684049092740301032665882
95 3921039190388482196322330729657793470204085766782152271267331597866642060272923692080312124220025817783570149760752268132123565590187440181329029801
96 376298067693096376777029740982329676564007277994366090010400089595491809703243600090322267097193978883705981094037522662077517960161363901209352474794
97 36489353256105438463840236859726646163795188353033431319792132514926455326660970985349328538748643820298258108017808889877258332370399437910549076069075
98 3574847082837687529192720842429883917430673050375454517296072722708239566193643383792330256656932340917108812855344860207863363627353489787835355727388930
99 353802251149664242181867270846906004401652844183567049302338486341824190709918438731811536316537559475463328660733114616834105078218301711797498030562101765
100 35369680766909076042585237014569395958652503803575969029025817139518160051036859890566016536490984980819091354498485019406515518825054504757481070295554329874
101 3571294006407712156346334180745519534134093661747227187735312486670632344711585909265768662448840250481441172056907678172345327102191995448576432079833916699307
102 364167627212611545037973180040586357362262336613576580818116118153267838560366288441071404242384539716601973240605238179291633000399018365560471283908929910555162
103 37498726450303146088813238522037556236009551726305699121897628156669783694043605515050882397861966970309225091863386150801870858069172798643532801414042166175901545
104 3898792692580932769325424215324379824204642841103526686086322121714510760337344757101481863990015970142504182965585364912462088021647909275399662623129959496484673578
105 409262535989891806013027617302011520723945115661682348921752800887095718806393310052512172245025128424101777759110418947353742033670451139148994863931794736155214153115
106 43370317749298778891683622585164103921763842758739129490408171767006580090492799084324582735551438748687626075522651782823891117141432139164030075975883134151672872580770
107 4639415480927532709464986958132858855605276630365781041775621070886396160924695687165498628564723662391259106099919623319213212966602492238905086787720042157886066291178069
108 500928783946923820780573179714509856131136374224677257230767313058784742371980445053852628330348735773340947337118340745201329564119823066542928245097134591480427797144242866
109 54587533603949431546567815033526341834551001600258060859609531783499874343310184604987628661015890022286230501536615202815011220942667868160838682558329620730151156993936543139
110 6003148847374927501138542035880077341813220355334637143460896574299425380639703404286911442613035158759491187717550483971674301657749914259250676797481864282424413369862950469850
111 666188236311496094118929575357458735434921713305248227394438179964096773658514612964774989419258474617306525755393913463369724594893853172460933666055254690638619525442634565498441
112 74595342957386806353282143372255596258321685437847151645071228368129386966097037472645002068773874543177881158879171242945350063758115707963281799623576243633706453061488251049560938
113 8427304878228537467034683677859530674684143954580853056406688312469477715022427212167845520564927328395338952277592127447172311184452135423708886465008420263704914096708873903876076739
114 960492265069598183805961853174754498135280403795784546733102071747970462802231371724389140045662353495674619008322232166854090890979515651956334584029805866239622840325895079810787777794
115 110431697554343470743915737733160255443747794389518396548321387164669842849113496966711744363403116265296672426881203847636252968136461286747250290106228729520810647662562613022137535488709
116 12807237129169584726356245482264392424999927957674097476205868096055984303569490894951586594306922228042969005755574667120158077258316515455560817549734290221828065019192034164622833211234066
117 1498120200996977936306511846725391061223035259335778997248432711362566888492101961843902091115234687373764235934679688669216614661903703374609976827625959690521978673988451810498044200512200443
118 176740308410744517714620127266792374323652097250870609942292356813872613182245320135155947908086664862632095346518196642237192798342745751024890028651495787911976080735101366422339448141433778522
119 21027665714891108172203843299617781044290718624784776614915009140655655990607996055679521789113027781113396069646154009918925410758708548740974963988747316733636422320587570287172717055269045784393
120 2522797078736501130924201221594287089274238057295045292325925264989150406463042940389675544509690131847479000174285660830480447102712205473096825508950373214966542978799957220339582273036907497226346
121 305196238256380258475303176749656136517102694303705210945216670276641581068190102701277292116768635678701693787801256447179558970685010169871734149434253837292269037793960078539285146429168177261332555
122 37226476755517503833882807279727059193108113402185786783376634188821724533991631487676206017365003673200712187299317889749853013057115116881744220762282884770232686320957902337912974862897591657663936034
123 4577953540220606335180668886859492866995372222541011231994935893635029336990078829758288570387072611435451126947349491351559342383534145011943501448411949538829511230913043334030446834083806244029849232213
124 567556070423773521921709507498634944352343507360822914721391970224448366143485769445806215003097465471688586042128071923004203390416646890876440176221503439326290470037727537642280328397054787703840930580530
125 70930959246228692995101903573123847319176076552238046177394801221764898463462346497303706196040430417195809421768774571339629504758545542876978590083416412653359990895463338355685315914788149394290864340412083
126 8935620863545398207705016688129624821015153472251417347130737971196104764564857221577161001472064497702774068775158053497923049232143160962522009403446077555236211793913376119578494028941559107255944003224630682
127 1134613867144539559488174877596654604996255066720704549645986819945751842099553032928474182846020405846372823195778734302891274666574962289561574219291218903045215489285232529522423010163124995632785946976713902697
128 145204119386211068036280701195907866863494327525695425919737841316188512343444226017380500883776402251787076868220285874529460465364745025561558644502245500530229695484134894933335500001986333865317461442558229785898
129 18727971812338238007581118303742428392494987637412671913888963705259454092412046009810215449004079032457710026211709448998295817202101672637075751326974467899759250853217476646443900568515609970200961856263229299839027
130 2434206342776361134196258749503543701241474330922551294924523487179147514824536952660898908954346701273660354406122225723451830546831378733559404282434534778715226467877158781366546804973947622821381145071902695927055362
131 318825566210616430710479340175024716031938127684334412381006197920515933562480582354909251824661507436107781699282303315123292837474941765781091108116862665384807755571232951251136343363426395886423150466720823552372358149
132 42077764890605082408927590856785408683305924889777896857521882205087073494373285031955270790532729921129485662078014363059583219193368006643747957991426635763162082743517218638974041580609899669823742759806528856168206226450
133 5595398312568940846460661284701879323596867042131351170520924753573873220889780192946394676146175902867160714844580901510689444263259443250510337803950424838287953162831129032596405206185190250462609073559962044253809029899467
134 749658720131912206344719983050710124006038663543740494965561660542760253907491595325488161048892859957574609947555865743835205240134419401740366436049885291698850607759755352274634648978708835246206756929550910919127661104549786
135 101187349501307893806195860046978413236043622041845653368907575645042077912076349156328892408442668344604005650439133071004041269544674977613601753712896554511294716617579108564340651421410902215687856987097368193466705966773837737
136 13759258280878457611546738940800919115592193887169077911610989097764425868476800727434548053988932987766431280393924251135504440195042974236358195239997479885531748928577112372072837087078846606027086034188380345213128221248053192618
137 1884718537197383468628853946673150133219127280651639662000240781053702429476211652164342466756795369368096390472486949804583185703098386332274911022958988317640759086734806719461919038439409077021446270313238193339099065844240175070331
138 260050381803083819063299305438547894094880390135948861700545136175882463615962733972871658916615062514862298290819564351383378326102707400693643124117371664290878033229414405282445377384693174997893074090888083246033610494079960742520994
139 36141417104973510450855900562620857795376629538158526021400038049594706881102249378912841667654208197576568232405271679787383580128850045380661402251607852293827152514591399216525077934209681232921981849866871072582649427247391697685859541
140 5059027584694495760638131064961590306566128215123636542760648052251978494131649073915273532101682897937203285055687018091753045245830957234369219742139023619565903119860029348691739276692429866911526555356418916107851738180701705708314398898
141 713215754148680011638019244291166080695060756627615191493780989918728733684665469101086294137581214630169482416922258127597468180838947953776086055254569863426134236703388942994825223662997081594220441995095644590146042759071985392195495270723
142 101261639155123510936864741441161079329670314343071510102705755932270549598812510148877559695201607856877528822392813543513125632502957612497377910831571623735785591214024299071388085378523324644356749044614868812405913441047270380118547389604186
143 14478299830482984396661054010366912453175953529442550472960277902621493242947557839563660946404691555930742514087174695158638148968767115943375382622539113538600141135543537644345434441992455689451043124755894847254380036803516788797179932505909001
144 2084574926434665655505959635561139084666668562971355470539309427458073925456981660773644159827036358818909025385985720915612506006632638476899650731615536011781665607328003994458616833421300261383049512964831388088382297430791726674087934842816259562
145 302220431467750308795591326446094594190487725859933947868825102539308647673768772662766470066494867207976595638886829946002485436672719204182571398503055821526962887171764913197836000564754902958194696129949727296819704955371537406937086328875574779171
146 44118001054190461343360881772187194348778012915183745972515215400524819563513337790703310628393968629139389505879994205675260887770112045689723668600764859367919844272407035237215553823550418937015513191492741451428584118021646516596205282012475253007874
147 6484449829782720251305200043407762050447203310795645677676086543153436318473522639217061622078765512320047007466829366861585759372937228817683984144225751110076818803277691088518050645883171543337894178734527068393676764898883337867272984264139477953467845
148 959567719414580345197180407693722566448486774586978756966551716081412252937967399827538257484677767433041888405870084827757794371983767555089992101064406943861306351187071635848533166738611385227816523140394108431242949006466267939672158050760398594842145810
149 142956355622152496555478535175819495045807462398017668568275373361223398869041146697385531519491512023571185315656220404407493717723225561489996333739861592904901792915602614357070058420571829955001182589759126422367327979377019432392847227296001772077281297435
150 21440606798022695652381654801915901732684185785300984817221029293827934633008616946446978322970237030543827200625664976693639142863733197687908042852781990417104305757311998744836781116888464112236539937563198562880054978570671112347655781689580300495645652724954
151 3237107516412708048626239068900409090256713048782373080718612584640243291722795821784223821849463049360564829625704519112954686681988290094580821602606515530356960250826256150494228432050135245649977561460796263028130405965895367354283766058755425875646565041264777
152 491976729705504920468036701398362312231599204117966730068763267892353445987770638867576006959829287126389424115813502777426217172055510242853480456820821296173885005552724937529550189313951508894929584699433533768288184478272910594549341309750711806270419950962507242
153 75262834668694165109263613501586312964762965998992289405842811392068676055933832691620671262628200279671040340607771122466511274927636685574689376576393057520582027129967765861987734654568138485265037634579800785303541442786930881128638111934561055209074998418095350315
154 11589016665833448795560058392809762009157473628813195493219485496908311488035378653327700663095555572181522791317925900101328321023006686994412965921138870213224739765129205033565381908557583240232234524685377706557667170555514311644184744218885550835895036141380802829858
155 1796074235183630505956896300374210191387029562221889422830465690712035291546310378061465327845374141918674850700692464472862125402151146617194083986679866368508819991273690010162330342906218277228673726532862196159976150634342069330655576434035162327861050888204133279708885
156 280153187004350102745205362858812234337008706520030207659740272465058484342776766120101789163254387764558369182857346470528863443442194302524945463551873900844481955604522336402779540621098702023587991183836939861620395781100499020285660598253875630738206464899084207946470450
157 43978719630998535985669234602447816370072153834224649226405661232368176425853234129683408834700251907832563763715454372114381798151681209171578183263722803417702468000770958557597672802583501193815624522705950900406682212412664453747898036533876100879268047670837064865850598739
158 6947806153052562864953701753133585960063213629314159575142957691995550104844139210301820376627822174034783812501148731107093948454476973221744551834351947838659009965215094512605337305757262161169350161835443240636184166556566198695876406353017923385239365588179332668253037368346
159 1104570632178073712311074983522424894699954377310604800549181062146390978329418512348094898235108060242653865874742781226909504730316595285934396025674768661755452258868778227056549683975884394375050007906753079190099387066804729249561966294043166045769695293352811823356556217863209
160 176710675944589439737456035832444379245873755019698195919762592466732126049099030598112807556418532680147766826537871047209834937489698329745464418410052923010942874899219796105198450770040559972838514589846975973072022887990601020190991192981115337234700767898485111584454560590767530
161 28447139590633627041079704328955885399580502776705812975313404993186912927410742808647460444609044052842937916865895991601441297204821017560786856855220957173858395311194899859206347876766729550058746235241930037317083085171465678767213810619310537950621104583034137526609222965731793811
162 4607911962867091262605729702772126566459759069229474254454628457164454200027460262316677009773867017619531815444359530188101258803162456259754352000903295830523112341097393874181426971918494547138271763460551710029102426244376836967756263388570984887927828634658392938059749468487254479618
163 751005185461777697470748004408152887613724882796312634947551109783227621836483911184907539632759062741274722629294180891384674306151496931170144542521234419731851872173561555979493213915396261661690595064630400961837579962873062093423495668177884928062722238660195819288375030827017742331909
164 123151167856430379222177249397180617230559073609885108748119491618988603674829192466461245492603804993723362977484872346079690602852870791932698940986049051706278629573462513840810393826024039145644648469085045706138872385617530034502222851624783612461197228532347210899699847709624607062566674
165 20317712549816099693626171442130390667647576492298202408737635829914085374576772324246938756800883503462174237568083008917466972022625953738505586731539227225101521643951658432520771051729878306682891279445667886413628912832940749099513839639682936156395776947576028233487098053712886021635718379
166 3372374557174051331493131487120602886243220747693611641934065356391822748602754944897716893145860633749023897963327576305364269035507402425313480231013512237147609791474790683574518713375753120254300688246565698653390980562086562230119558952020297438327823367850788701079170387023989382541484120346
167 563126209165033684029255445095731109403179804834722034998438852296297266440197525456376627414338580927157250494547854596599892477920860403592157729430493758449322133364859209330216488691772472286805737614460571582775710278731517943565513525843474619398880988671035390587420048532585280304678619265513
168 94595186866493356446198881746838313547946490901715613754784640112714179302769697416762519290706782362987351767189780297334181593529240636407612786772581849282021505315502330935239916923058349779641145895989373482891627389674815660262571880226411659248113059057357648731651432790700878805214147941282602
169 15984913941904836102137908722903792686911623642303172253483524748642881339730168452953242416093439070938080394069775057068912135968997930720455907410211073059081204023776998017099557221867777877282605246165042211167996632967355743748686525622782515892220779039959852399873539199301707280020578417619286363
170 2717154379981206646857162484799107400130902624260870487855181290640667111176013906243796212783038668304805403753893981410223609154965500005485683603968921416375353924989664027052673363276666784294934255654662264124392803505443598595014441115937555070341088630771397084996238608023443235647203710865539966626
171 464585913835653239113234497372919202980689112570072087444978901742545709110522598069799597586670134776341920977645884899335563781743945276400555954781733142142736607862172516910564828396274795802375839499095025064965961263760241595256270226340025418924583537435042764766608716766710123122327119354849097130325
172 79900705074177889953826535309407669382665758088582873425872301985096396821924315308466322345512884426016335780084390079500197473890516604867222884572690454724728929025785277140149917119654943999545980469290089528916400583019542088338081890504813486717843795558928546761638178874064856941485926914990969405211314
173 13821441710052247109811906647333528909074618207757569272830436600500895172177557627423971239629200229702708644192997897208772706537727821065725320229923274421374043142771301331485424474105097633790075567213746006473766719671627577410663490844146444622282764240732044441477840926932246156147093563645034909074541283
174 2404693462077162748490242998817916438292400031570444265799012300196319326886930455389894016479661084745679645045870962735170185634489543135858177927545946548277556545080338190054970494923085621424827538655514799676592786049360491924043822443671754777652817171916254617022579225745731548265783984292076263765092802010
175 420780288257212984498370103669697020941624074719427384825907680502592083401678489507348077102849752010404512186692734502558268166800563111576891610717427398695274889273409016341863494831887629286967037019984679961695179448675615191685747038612709777927755688102734179710590418810346698931047867249665059593595896478153
176 74050185281171301902966225991365987873699204930840983945746294202961409980998835933912702205568386374246977822814074802230212997298991621834216424011623840912127779841181751568224113779677487265713952715263446590568760502710683978299942527758226911436235264739231973021551817688358086935496155175106488894379005489683562
177 13105632394524382525754087700365417012328845138253070666796468384613417248632817371637054693903437938666573737398634344508248202806041355061806506171964254631309739657540169652464368431066270783457159796442835324258141807845345441434806134311235458114950488645776709298041872009279404585974605167622938118769902116336929667
178 2332582505157161392602890319715222517844470751078707588391889840746981735008401344453785844778022281568903314761604024859417909782901816371390405007049834364530914216414249278822240455374168306896746727015391240607788056400002184148737257474679591163791009079502228274343778435473038187449928073754723255277581795280796408578
179 417493319254695047841936698342558189072662713053681414470849226332049261888034486093396727026334267645612491634273923863865596437339643990278737222988345741076538768607791316782244194421465306499946333400340145359919173842663874700573616837801359827016052004209451823660045568982952475456705556440770561840047515733981205875397
180 75141864802628217070896556850116512576632059487585150285912787477102244191777321129345852076162971869213260497976762651530959035814108608762751682826080473687017206832872197648548303805766969687127395865516782373410886133431855218601378473536314840792004363043752816418574230065524021867086257849798012090033592269200337745108242
181 13599436633673688694236242694040976427256410885345125139273734617005979084694996612374705507958265004763287230694432111550178739896914542259468342288694115794037717561839863522640320088670959250858952922001460970782229255099892057745241350473797061420809060776759892339135729963545694157451001513134256691152681910467446006640725819
182 2474874115218931908549169082630194871102817308798028479351100716914164525220529049826196219172292240058311168629074168764783410512147087834419210020039373985824909608853698000256715990463361455123333734400667522375802541077640104244264804158410068423799814292720249788669318824049486410867550074337341879992243655467190971975568778330
183 452861537981952505363944869645315550148145163785030589665075798470445132029822468961695338724285186271323633852606502372657231904186807333598371384136844148372471569185432396102295272277082594205799189752380324415804834068460259057804835827238691966652635772737485233946892863379332444331270893277735329929448729415738920563391435604937
184 83319165913099505624717115115629382349268738080758019203550225962112803835017899386948535843862920721612565760109228057185738842822833954511237566004344318669777376947914113651352281034454653006071543230423400032921510371120568202114282434140875364138336020698721918291017609931305306869679836694400777160510825851749219723489085806933866
185 15412699402161501182531049972202376061474303226659116991388106327536720147850987768182238923070744347498556419606638937823091763141674897749782832114028552193791589415555105218712748473954002889038676630542751407933485779065095780286901897237683689233269380981155793303836783905236726361626822918037214633496854383351203233845382487243997707
186 2866514380776873772140529533883660763516015720483474201704092235188067375651633725348332166886172736968331811044648105456817428680826309330283821489358259828601215884152269864579149294237854570851697686816339958600532444076419724148532489817848987065279695673348190335291788688467827703764462902019641088778501950209688860814806301666140312098
187 535992364988299895210810549262559181698114332160986505500264077023740915359399840913819176010582077894286114793489487910295075657650018673572227163111136332638457235936478768205843606377408057080949977313035223768549695205752850456022636833697445657730605103492424733486883326554141192874769971591928930687158409842693978280448350442948437871701
188 100758041638710355033971502945715348410189503409338654940174425041068012978375682881787151358891201432858354861207726470968736849665082078139433065329285997454646256850787663822554946116849161152507360753010939208480571355697489615045232537066848521461432468322851699378649219474143849370288244913173085187424153700012398318962231992673529210932274
189 19041676132803507867849428651402300915752832514173771748900681562992714193950593305866630828632886102712388182585883882851864711945650093327736799657955235654797629404946848813787511785855941287491249397193693272822906330577639889258279197389749892861087134630291705756888996895538924177606052613826517948625817660449850714842705509027357379828877811
190 3617618853886488431357764849299933409776212028431357809099857184252759177465181180792079173519990489985038564851458323535504993371177158790271416375395625444609278922478753420974698960794448743576821685089748920851645733647259241795519926171530202291137241829972483809306592086048463765202255575248161951177723695488951713531160505220344268505890164378
191 690908576641149926645168371652908283025896096913682222665288190905552350885922788241440982593387683771476060451055143193895407310845910930960452365010075649428570423374671981500902235697491279182798331758787897679920928559853055832929200788941160608428863337225744672243696044634392566092202877899557661063870733880856915138628383806531880532784302370793
192 132643688462927716995755121368315545666547876784123642582832693432676877591281576377594419870398058937466766414107138310914567858292042995537759794780140901258839915844314192544895779205480624755634810974696380389984079263812778185702650775305843604197662785037025025576645366010945860127614510372323312205163952067656699462563740451011928093094989365082666
193 25598177121563870578541000551880790020991576942008553647745763010955071251550691233372060119263726960730529419384080901186016345335195453737604808418476742396591112770750299823861727436805765250186178673296489920250897008900838079467164376958291421153805443643498558490441495812828263218948358563248007944662209605476276256398826647998731308811279737075248371
194 4965651863374923293043888169129235242279435445675632431103304867560242370109120048942032584558176659336741970319202314755765941816666389354935877104421108048337894959094919457038662300170179972417440047711327778081502451460536621881609596322503908676497485871896218119654132911146032262033173799794544786593749884410066800433515434070507504332899300135582666242
195 968225977903487890404714162045762896002239241019308097484396274479964280360037265553931973522446692600117498986635167814702296224286966998062052161931700858884509893799823874222753250556810527606362962721645136366652489013056546238903133860329196940189265692957263923379757367361020804062409546811030800835104589658553997672592699047599509954551459753459549185541
196 189757521909233357098553101871668589828425968123187255135265107065516957351947171904140603967398117680555250691797164721266969545959192627840939226376261149924922733510886902101643377629986729202884073268845075174161004554506865800520218237311164054098354021476345733401476169332890948270268034284305583518685020852715617529343127569852942241032821571221188114023954
197 37379351812993022897850799077466655302013915985736565339146452685973531855269200626675691823213825822514798143635476105564586236830837058512123662702410410187330996226587539218844105341385131757909103297247900027638853190630501934091187662218068556411345000138924998073683725579822821247722443909013932357859020330559648959210393841179999593423393369262451803867151115
198 7400547197769401168018565554048173094542195558560223156264889348146795066681194328674606068407186450168255920965220241967820311612343503858094179071101847885835329222775277702301132110166052229901383919609303924621934273432256366738409858390651840016437581938943661370032043068674024778067877518571236430167339300355545591150658927133580953155456114185280079534438145690
199 1472597697284071391669510657237025207524375141706287098911980710491429398515567085019649738282274778667128580725062256550912734049479628235785360854739452505900700058625161469998849674004354936344789477759098966260273877607670027004035546954066688440241898403234323635519564367307120710762215530682532867884337691796592794683037225449932206204135193500019574767801167640105
200 294497523574438086153388914761177115920422057244852150797117404728485562787963241212553272809024855145576904175532557888541692259263300831684720245452091665961251106912250963979595897398404938185665840965704278928528131991559622370369701008215211645493926059239506489489088918981818447151768621802904169326359971051780298750026043447232176595060664696972278755960447391333034
201 59189621224026654392854426423133687606810741638744331649952531983575566558960847637452518518662467423170434416445769474556894119868713061415553114847348151797534863297390823558861198401284141448587168990059009588054052462173786334549852288390577855447666469076219162189522179547213342766043117254136562764277745250538101048846462512261276973129960263721946504022306033223154747
202 11955427313306579214616544797912490473775782314652776451625018894798535287560036820267877050702585332293018475535387133720715911995572691667069821084479199823374275864814779790510634442945064381781065853702185404648869520316541650619011569006666736601335255775282529684656519058496032138817596876076434857437937793929454709270466644195684950556149614596146545127813754839430492322
203 2426775639397258852777801147081718700646695596842526903163837646852029772812094939528585932843034677884969917340411297771992440588951213711123066523768548626284948465570414575956816742135378891038444800751552722329583045943309064446605666737992956866939241596105947919667550633869722191247404987764683893620459525433354762902754568999650126751301004564631976018340200859135950256085
204 495026658337746554300491298395608373813534637088005069850758037431841631587353006499199313917973210358318904973844007119396500667052159020338362571833618499431206678327455947275524071865554494610551935001734304504818791335817858971794923065921885272530262231260341982698896209177640030410400570320194564706191523368596365908010391108453527538573487236632792051842535475095075473449138
205 101473244054623553753762038164403093987514321358845713158524252612691660606768154417483319483792222500989276246567959232747271349456734536801260081069311756473312092776800128478857982238439436073281158625610638470735160886401323534825254879803541259182910226908789015883478171739929192012849649639001025485684241742432332265892513600153321651743622588300189282926183632831772332054209155
206 20902015257484334388800704478802717219447975629469975108463649961780239915272447749248719094531405852432238177698331920493006893733145977269110844228721381018525298409163076966775614518734129934638087257076170087706785486231198255049412726138678565850411613980736337263230626162997924450646594445110999028409426006623131937223007425699412179538655198805649719028437572358872135611816343130
207 4326415199152103224066140140211132085143949362905350721104399986516464279434220177132590318133456478612160891315268743535976814997761547172038433706967329928557711142299682103383375342516996410565976095584699418102923669322978038629505001163630379266305168087387016601032389259718201576068437602560077481606864987213860900498307391521057680307889611556000516434613875994129330815211189366409
208 899832159776436260493462618938356905993881145619308029652900799846279683182232139530659259724412550559760576828552560525561058797039472821059650628400306987584482503817115734686757634658776501420261857948719108257166629705568518572383703799324243194329917067681774949679078083085265009190018094166623472667756618607814317697561178497172069306637936313610794945439343316033831477510672311086826
209 188052046049426651471908976924837030520629702411144863896269399525370079884505683661057376808224242161675524817186808988546516672658492717989819798655661793032238668399480448546412507825855537787146302346713421746859911979702218512109520819673017888608937031844073013322912146649221699358123763607831158781569251905890304252275243318538823389672279573793959524261717286475228073459223447192567779
210 39488251680669128856526834565662061960923247222270569985557581190789444627175651181588547406909726855751709196069074555649714362553817607736277968142902021055786279627778496310356049966342987887153905123723217874832490171352873523402472875142847698502987274020450324353600137043075275918278435594021526458254740504578682924985871978467421780036049473889779293737108251766966742803888602029709278210
211 8331461421706961741262774862722440631379275478522032049604042225994772328689493039577225740774637701792154953040573009867433736583473886217075488198468629298166171236452375263220453320616410717972415085255344630703123086378668223017874969464940209035105902752038229736100268846530342816225223373805638995506469101011570385052526437129117281771943588558969217066011408567675758397279366133841585226181
212 1766152291512544682166151528333641898603482957655915634002546167550706292530519508631925671362149824013749728354262681088680841786114474249359333639182937001873787586233737006204115497341759142237281687771437903904723728007077743597329339694634690974534984414406636331756077500990553211109844260271148205188851495523414024676752724810316921204011331157893176904539918434899063982078902883286875099681298
213 376165640021783301769805543430083314357321599849871227070286783939833203768380159066259591537425364539349775516539275292653446013410385045665334087020643755972982605970394318890200761295339660406153376389081167742815080811279669598032134506436893332574029552627750685427452445166304592222284208696675441395496336332539702143216560536904789525888662072553047307496416845295536332710340252702726062759231579
214 80494189928359071646638099190031167626196024696107809739033537516953695662252417457224931506551573689398375693476752814947650180184219974306742735467691672029324897865702314869014463721028545312838170246857528040060445434990641491528323878994124411642041616329002195029577402688908949535816855614125503828466580077174866422353902956082707852866926113360861327917259752554324465562777100479193542958795118554
215 17305131118490635646392770658325979012164653765201369600775551780613996121748763063743503891479756202934400859507091180481161715218207424022090134335357660606407028753920081834896688016703056623613526105496378536214480465933921263696256128301215237489306917498954582184663815823184931634441289683826622378974181879320010233517116561846011307029216533360347113868020462526406027365424153797129306723275329655049
216 3737668709264087912837046877293095670393976857999834444615955862556225115145879543672140389575954295891287051706277433198415030354707105369465156776153654265791590885123671571793918979003036466958580743237844964199844540183352365437389291177469198926819029607988967308803286598130116326337180092326649211758725842464774033898421237447234195910784041276838923404273781956335181485887936283563383572816169278139626
217 811022594732732184192432213013513037532842447614855881876509981515672781451849765257259933425770159481490464777183855061451935648526770489388887053845210870957927639105190731588603920402661590398111016585993513557360207244293451418838559525790927640863386065413363271820329304120332423036122923692058849384240720038496096257637697956390607350671318768620367948845385200628265132723422515358107040104639261255215083
218 176791798688686869804664121647676039267028419783848830503618335276703592117900201949287151284927731959318327715747671957224546773062552366904290258880422587493076576228796110347145869241962765608005272096560313860811908738872085970580291091781050358618898384109525065102557627647069032105925236651876100293900069898806615817412310914807862948823670612609665661454557312314488509715301196872142959210968209323324379682
219 38714989429634126887966062015110721471233801775896701136694066845350121549776678980546411429573635965041949949591654487519428938266985240354777223689867818327404186569460280119505458963489789578639283831077353900059143062035775863125246453433631068362444371089419476193397649630329619570668539228041764052776429511957166568673500141897435006384655801660872312136491380269073231865825837865384341611105009099351766885333
220 8516771331828274758543772065038170910898944130109025025549642432607283649807493347452438763447935666219128250536358621283053526455783884740987769877231786232937453063039375664932399047486135582984172824560125986298065082560754786202499891871509253865362288098769564775760245199735916526090555621040793048425505091688713064770445041848703672969352702016480996067977566110278007987665991831819295463375942817209972792569906
221 1882091198462477120714967796897317403777628095722802308286638177087278517289995047536318643064414639765886969029577505336092602817879221441380699191635953102576017758079263271457624685713628891251392354741925011387847374039569468888363017696154298006073065121422682934646289417770408095285139351025567965980818117668260835252787150343409580736708749368129505844433856903459776765688001293510037547984275747971281410469352595
222 417798888259708111987503677846422025958460267309016646263265599572808334482212156505388159306603124972246338896339888975057022360172479722380582936049614440353913102974357763510649848286682192785586117133650369721248814869439550970307613075118900164502154774617498106489343217461514559798745644008418504722555301919837040254564836315310646776823343093661130274999973766151940103176308024915582092163164413922274384785030669594
223 93163548160068741944106444723498855899584247110999176508894970266008825578479084232554934648982296189190126959233386625521270676294869793225527017624660169139579889185185329815389964219581137387461060661555743875614337384188610424295399867128172948651623398490086472123589851268829477383602577947440668696309382473842246901474394351940340697803177027666467077135225853078739457995286058858486989698594569841701494791757404157353
224 20867390750585942192558264904730647004737889359611234579048217827173040060993370654683968559243131231105755013783065813845839447936219047931184077746372199670845080980132688674248103061964906044076957594272464609857943087027833214049931823999187353453939943198585958496226169698961118441733331662763178627115787014224434622844534603220230868525008521083919459406559372422370484777516765218936113083251323304479483845842982079736490
225 4694885505948040037676385520968043419532281132081022461074726851603064984332090308521622768236490014924351728020086431546678378383377744548055712316372293031683543717672712121419731132882436640312371723317967679893238776513446585213463192574453887601086928434597756623195642090099442610647461054492102604170124887500731341972031830536211780452533144384175081924217830324619557766990448574212599808508755105455446232652642299029488723
226 1060981985484894769375701785211433423290089873288949357629126419453668268155221790681571883341701645490437952685507545091135780806660393657942427897457088365351652626192580931269071619308549644521995299467302578292892034141634494675081851528614970176992582701116943736299711386199451369656396912278486722097241851230960449968708981232991160970358371225060742238049520162319156357834078955072070210989651161319951415604425582941496669442
227 240828929826956771877367238926494479560890825347632677757191100025779702657639446835683288944711519725232928978102812287917931251202032088871440471607051447303856917704856310577644633936438439118503880056998809401969405524612892244944589838114975711845804653327392104969096935326760135702610239259940759855959865240686171502986950193866950795222987265513343124429255109318063587065545673363860720774559014387855867485592622584297198853637
228 54905836403908977235748232181921882504926837101304174236793257796834678948907265035841321831603492543692828183459100278997557531058427523948766158251336963662156335033562768793207648515665362007108781483060687091892348053111516215709315903927922505280813460950269706663427135540316793557395098010156159032693443130249743607689750279959087221663413907054593869721900560909071271402258890045036715095831776321025430089376611934550696335274258
229 12572719326467812072548794189601760897111943644219101927329972124299533655090367745503867481696417071667291426359208483291592261957415255470247192958819967983481872171312603071160389600574202626015950758348652692422016260089599886485958153057617445872475206548485880182649195175701057544370257684790495836482783476141132871971286091500059248291832692267979236711931855325538280003218437037037181183824178382266686576927239321175551794930196267
230 2891561925361983949563151307778526051722056968933276974559994653253983132840787158067668075584265723711456957494444100688613177937735824409490850076104301257295064874771413076944168583515713937304305731947825288668994358237028360140637714559641711424012515306732917775284003235519912031930952186024727898375477778812608552973270224062719504657705627252363759279102113381601308603155403065436032727084111958129599913928744361633489628273144324122
231 667913359685941337130217542451144474572478955266945295031752981621935209183877432775227408445912365973160505879154281728489971669240463156420945621277149889254630235516762365545989732683493557103111858016472638003626130539514574958701576204543099776971342088056343898874898852701059564219143878939854849656061378252000194668164801995171686632555928694787645899485271330352715791779753275477953303479895420973246504312090557562449481520113243280489
232 154947287295772210311317691896758173348392084520065180317040286395171808354596439022444562563068838614672640126899214858664830185004585991436961609335762251710332930844974964504952728639568096075478528659295313404990988992466421186692805148252354018774523106026373992922313017505203853265171924558435513918703935035519798714415040104858187883665360368946509426762108224510484841430018037768096927659778776468191186491160892613588987687557166965063210
233 36100728582265777879793088217459848458000474357890354217888738054933584046747426464430347942012200971189764779215682352599079285527875895052579871827245986387545079730180286207942536681183018727134390882972293560944983237955436738119481422782752365366500599251270656996329949924374982567096510987028222092294835608575381332900538523821834131179664982177309909960348342154410589140796609033803700543792135122939577686635848954573809501808438090041754907
234 8447108968618690509076647841830339313615887652530654699172993541171779781060169598840776500034721520359054091638807636821064061355846368891831165163443401763866408106048248559137618687160364154132292857998533439352870943798879939529608729117487182882256282290640548490153929646288568267515945137283985114879879005291359843944838264336010065620377182432391045606540497820025703737113795961449380255093837583257283097051256678779107657113644506871768630946
235 1984963076171581789062731349571406499277938211990625101579858065984221730002563463217725965224668047038859949567255215385446198067639013997326538014066475967293451373755379939072632853353219367041863923103225785092079905595254261312918123170540290878977650277445675453668544908362256640753430245039786225279517204965400477499251670660154419381010028204507136767709704863319410837078562910229817495495782633545627269381868963602431718774900139137246536814677
236 468426124224234885341437301456477086917840753387043547486227180151970091111729806500542439553246817750861974588451680704462315764853969228856163609253290845392745162528554250342025719216751402193323332967187138129888775200056483069531996502061056079818558360719167215790673437049745382695439399827720705803923690132000462101466067221117148728680159018387188017752061113000329688942103607905630542592687537315693956865044593143197021589791627170698930971814578
237 111011078571015269752939527074090382745936005936577735989847953214412161150652382190606277524262237682348188296200372692896970886057251755297859279645484038535802764933236589916985235659421682574997433165817499524631009795379503083182458445730683191455397136828152242866999546667049795300283189050108761490010692297467287826531345202558262595883180035431313363866106553913628828461219173208633935187583111030331258169397994945861182655518689812681502977109057571
238 26419241295698879075269568548473737718192398912917611968444719412409521044482544517939037604133883922368766118557730794631641019924688845201181138720165263216833896650738308144297611095403877450889444673087139306183196840974361013848053197470065135377211414706618125082267675361642853368346411904097347364883892471955959952506664288115207926973599573948219162303983762953190535864753212085566493778195549153095990063857974464350410858091234862520222111486935886554
239 6313867966665862731618346723609701880043003823558255719364914078390560953743338427808496746267891889716852204584498586039542805789616898591903447080121743581065802494342911723688799415554254565774315475326312510350459118184123981731630757659964405909688942930148047947688769021379255132784547847785926266180927893061400348837101330115321002613347288424691256001255347573769614230400816354636511885759683306728321508900747258692857475260887201031950781864930976843081
240 1515249606522800441197277701131636023421366396365992046489260313377324130442126143661444325580548378029119242100480514588367274859181073099253290219832317146853088304097958275957939745955111250751018756503619205274671718133835514371794169360772442203156217430951382836542564138239684722286362921763512929390996159150076208070032717474481671900438389144629262878336093732051078104128538492150164927466915975713002880985831757543354690152185421988074050836597992984042858
241 365156344998717302124184649075164547393096635357954709335133127397470809158151702345928536792171795455815974538778973727858649598416522236802209630503691862779188917868245167384848620433694091783444929711473277216358291480458731400919674978530323438268600365555100204292346156316862937555183484341150125507591421709651820972601652218595501385507240666146374374126722859343432934400573701651768038283049648567944534536787731179180987419424688605386946404143126057963895363
242 88363321151808709711278024730775780524956304682026278724499989267404864996905301855448756141845809299039188168226947329539772789508381450339567685011394458463866457124205676884831186461864726128431802082513670125820108448167774241123842001566791409265131305481636439079924536327855926680601493257118060450506403920692064725152820746825263306596330809902980438165092495101918198188786002574754648379938843907669930522458150373871550552057062445070164502933919285869795494146
243 21471199109246545071238119154635884329040207711662553490708149222434667805946832509936000267169897773453544084642285883468478903547778267965979696658132861398068699317165101339108108987928547930707056732862941387348064056076419023633612705162145295536716080993759004843033847055599593431065870598295862695977549867355246767131470483633654673956163302892774975759800777085628800744720648931399845841258979238192610478893674381566009427592813702874493918597251765510749257644741
244 5238709309389428588846317795333897715588943757735229247595134770026971985929736514958502727122229091570653201335678126222947219358823580745089988425403184957210162333139279105184964402656573012236450863729726919476972460641571152229935700718383054874892562022948302556151986366900208566684764919602444581074907616625990682203807622402697677509684581427039429083444453838180735638171509814207640938062624412022808812650209458333132995239605051226208767588555195279788515996635922
245 1283419806830309605178536977588488438673845151600125668964645116717508366028918164411319731038406670807220440576394764117144640065736294377744626925964059341063345896039405039582571546307800560066832194256045303715460013894843801173805866143619051992381228741338505849510498326143307614139242910059346714464970128817121858405481299276417747257938953192964211655375641639540769289371069388624192608129795596142510352885952845312052975069882314730165075038603496160691602438563436411
246 315705663178519425956515074343674079350696996757289443914983580451812598439543738552675011131321055931774511555782477156402356255218995689335241509248896384784828330843327910716445487662322336492738491753504460941577419006810027746423597412087463367013466285329718417434464036741385672097706573209765197024091221765023684868443158650006963875774910852420315586196617199448207338413845590474044377769119738104758090695861846730035969453647286102400520898858565784100477660065769523034
247 77975474610484090739637089838710090535211702765244500004774728230620714760323721257752395715426385381456784713800277909054589512044868061157764237302417874442701246036650696142256493257717445467226741364900820531362105181106461474758299494245080040849960295255422880551566386686066718541381827107852225834091785308276789953826228326515866524858448786891200612509657851891065149515570440836252812794601478292372885537942921291002090646928853752991589514900144481277908771691173687181385
248 19336976972099389814687628878583314914648469435995884163343911795329711098969466791380239530313157620480900974476177267897577215472585664072504203991303230130581655656824806800589872866616038317535066890958500806845804612703080070434245694783072973461017750453274077097102996246557468618571490076050714359655324450505808101968933817294585940988558659440125913827500692719138160372703611279419541248818784962636213616006838574326078746278820706476307611648076454636015877358323545728638570
249 4814674910462103356293530878831035315315093651781147627955110786056006203636810128119866914490471403679754464316295855192217455898398967304986693514912342384893795991494851683531421753734181412657038783361039863791922935293363972128240459754077486635816914178031386994334077085761112608970635243499646765477889224992337826343342169932527731568020832889434143788207602911978760051789028247276197150086126183020075646033366327778565573885663426710966378575417930272865638605941667851412067275
250 1203611104669068871588116351805410144069820870456975810442425741002268818160486232550865918345794845275132297806669866628484964332049272892522879727714981774117383603304838528975336946662726173285951640390896092002156345986632382769925337485640083266128216177411975157505157949575036271018325511593512245816872706852424955931193854782317500538897380199299286177646574921728526279649459464364424129126344586029208224561556308566425329785608384245310547955257943513760273207096615488160556654114
251 302092039464561643538910748310934784209892722954517425987368798916723313245075035938814550318894770349380096430900589145171512133216047507049962530989544052469452718411363696545007539556602240272859081631046855850310130919352464621900492557051873350124484585004240408383279040934369945834097961596702293373000117883061494224944339631207408158903949440854562618800012112959614363090231193632300678794516784990127540155645597401545603110094961433717569267021705022195598638517101878196225646181717
252 76123607069188412816031525037981775510395897118689565842258033309589325520060880536791123471098809120011600282082120230666688306146784010962156051893622057809528566815987003268617865300935138555189429223158671958329225881936862495299051678050435358636163411391085839418368853075261743284257849147098125648175345532715784663103532322752623228960270927496340210429364148162585636954065643887331840873003000213053919139718930737796076841072814425513655528785917994156619422839971284577049733692260402
253 19258372301573633895410865598468471147431476349349329630674759982429353953309934344967963841252759765593172905341492733224970593854476625941037484173574231239592317744775587461601687474471014184565101146749590566476119868807520749954092043416693543602804105585078115350888277112739902967359499629476021476690132158427326050244973970672154871400966580605474946257886637173599807287000530727224005069148794093952065468314855634820091952866941000966860702276597582057663247201323494849654676691666306355
254 4891399697021976777939623320421677022766662963719174948473814732993096426451584639499071538891359838840920207403423998736695505231434241533634795564769640609215491107194234597028829166669725197925131770401296128219999988510866282556297810430931739680796456778916241393472029015952936435805928009156204311558581528014013118216732897246991372437339103201972560397973825818283304041110507387096009249418396202160272500896711340244082723974982138977568447710274955117111461792970616987828093528217399531418
255 1247249526430419930557690546084654302152795977265121191228892293280121529198009707391137858177150333054815369072816837692864899668035312289783699020021329632994634694153751768970385805515927021280892106081906883473018067046863365598938215632563484086832951965908112234711087334132306684076575640719128903794897637311745868906765448294143127700665841878788608982892412578343787499362440977998388310427657392224218898653697702312131172889053341251393133345500474407706327491818824256363891745036035136216425
256 319281300402526856440614436758331029828077180026421861901092318643681295491260475063695967980253111543485753299326491373107416071009994063133136642699333085356223912610269089591979486481061167569068700962344261478882264147690606334171879912658997140351799331814196740408422807792163474676827006641396351316699232931684430526163384285078856723553799513816107445884040990614037112841846139452037210041028929917671935101258405073833596031844968383308185167653770209792633401660776770318383714086231645624448810
257 82051576796396609742410210545990461029452105835932924160154996517963290596330719084339565624157082743925521634994256996708874369623789298375773617232545400440650000232821353840383449565807581464746287469815467168329818978350496691722732664292473260403232556762963309019574263635794186154611574728967092591984115831205757772655920832688563304252186649240694990927796850971547812746882344573774284378838178076273684850353053005729211845378894169045016510843853477787437258146498116717165772321157412117574918579
258 21168355176488145286302598079318523639682979834424176642723568236147881005179339302052830199890771715880861018816102748825149743191031207126837364098571048145511457358776197148568359440995559688293655015033778482846210690370139134591330614255959865865984628570737886970268673241647970321015306131734561799824459582453139896091509605638889821758783231651686811249338655003909864548378595890035512635741174671429538828932479315614192919261999175205435589878741696137621846321592193570817929804495117915873516898306
259 5482359424908072092865454101312546390127260880732689135823277106757003930616049277421696323709934056585958584949232239461773453508533812782975866405166315008574508244550821902471382844555228994874246872336031501255692770428129511358433167783824935048723720279090581723422254271395228031524113347756556803878011105752370297181529321664112126317832317623281876687269676303919439210157928369334062229023941923375884442376868478245214665079416256043233757693538019549105575774240378084848887732257141482760703238969349
260 1425350353754047098182558754562595510195391708358373349611268055142582146051340342038397157056607759835446118074569035958839939451247481714689123111540174918296206662112146505462107226883671688916411010116300943730823161033881967253684461360189216911306805384599529463742739119577993985386289990936977451337701122228137451101353817942197926290513521374414536757270090451500858365528689135657339730380342056607005894373937586290879502323405778042556327358254742245437691132007263796020446544483134957116197529820751890
261 372000100601326040115146963544004503704863604779104402676646127819660294244296251704488508727410889641986061747697376023202670914746277171626330075665336902846719333419872193257408420255849978949524807039115704700755199509350470797901923793185924371551413367761691381098835091583423958164517422821218543547671162605746865488333318360549953025127481573685945453874168171253622528285924654781649724554940505798749345288278503653986644958903316648589710114908374061530712510921115260785844081876584230991339336729021983051
262 97459777591357450085959901068732033626425594075952058236207524943181837931624341779583774181184696020187201481278538904070700026530603956316416731462336372389902017278858328721259449657921356790102992805213416149128265560435325865835580244855756578378641036521941225577536439944458999778036565191294824034529645371234749091270816258892837542481222624287921172435289443694381355332061402779012931853879945380588067623802797512340900559768527228410477899411435119058465059157168847510683687292704309124110745857130221165978
263 25630812600104562812240165864298483500056376075422630536217808479210718444070765067840349020074355703513093449953815260525519421250682661101692411730670581418816804645773211951950397459057159395619262550215031990896259289423766109379618513877218810630288684013149067617637202978888666981023417714989953645177522781661461706163934631934426768379509453353184834986402818214940186681985934701488381518959666423129578259529324732654854510972991901524888967896440312295672615033101208244879969859329819620243375582699493409838249
264 6766243998548862569695977902591412797358741386167092008093892056239276329754332313245509003236628978900386069683918040250066897313629290075844874373674489224204755890481442050861106847537902614336553449355428466117786984352159674244360915571914264234914441027707030876288627844006219510597088758154006226272982776853546768006790036977359865796804061695191490347365376801071966329348929674578291935791534244744718411864191616908715025946381696004927857542001898949873981571856888691453813869535802605707694794970850229056683434
265 1792978252245999511841641322626139875451645109463009442237018592981809935817529796942102642570387785742802109572373028202978110643155119782909070960740128259155649174786112236160992550020792683900733065767047701911234735725739875997193733327810092147747953527665761917095580809692276830236485210379199985431181856239318966474727672734575108090487979111552202962207462825504254145322574594392785124701327538026683764046284034212772614558373417871282826692887476289356064398095393595577041795626504453525265215296873187858173236219
266 476912043935126578701352943159004001134437028611437831171161709768284315481238630444430704076867369731974022045666843939734157776470109645673866058827471575584229157216389937318891066757306188846791371918000832434098353668776852459420481606061418324775759242763246488911803604847619562618360167400896429720816559107683967926900356494276093261727508091701233417059866837844250315169898377351691722011801176388737260759351200413044796105469231055897730618049596287286661966500613646576915571742454131914864045162994055921166373791906
267 127330170473457250516436230914584827022312706418172750161885623662864663247964179433333358060242996723630090989753205012161769056329210530990558118342107441885498023198762912083123280332981407086471846017556008921657586849271211322247305539820065732996738771410786547075590173063689073605942235740270643202978475586713341226872521254148425361904816236998623709920184289601353643664911591340495484146667840584700859883773772559841859600070295546849288797491275651330288872655339190673257506802128782054664100352261292858658226804861653
268 34123063875074850920421474412642025434579743933954436418940323335153980221930392019413782888242049501209835210876890867920143918817174061068618292635615824450148034555650994355874270215842271832284097588080999688172277294121477039157378610927312554835934954486840263767384078814995028938929423856868164179223160832774402332641269065201057496227461767729686951481696478711609966115026067276936839670978721739276437436861558094475608844178695910405231578924679548277526413350010887704360786625016879738663993681105391189087423029802819762
269 9178724565693011105441656068588607533527650565370696698442380857188371677599400545577972276045020349471113002896845658371321090919394050927550573103783775385209670196828389311408265920083318739139832243788065454743816984705556030718229525793404527159295981039047198646117712649740318416790735076426330700397485254023316070193244749116693211819168102400827693499072710003392001370898284425265354730213262083993286491399084162130939574135745983319433957578304270337129307098355409064293676516682678039877431474198859505830438418122799268803
270 2478153897336708418855364351313866886103776941927177271756121409641608434668406789198390547624033978285736177907956844269103883387914360830846231591585545333511742144472550769805767796411160510351707430236962744373512829025294814801117322552715410478891221101139517836278269002198745133999247166283486580195737700468472972434300882609975134811145280317023667930440269953614235818454236010053915181762464124201380685299414137342355185904709317462374763964483364323833925145461688011830801152111203789139792658828936920584703134746689528036186
271 671552339856378770521208087422363324793148401218945557704608078863086874532655811042293686134707145057609311303642196744851391061142595367691559076896054470074354899448999741787700808517878798629754873433967085183469334502654362950293485932522666212365676382172146668947346547469356330466503001634261426452947466661995944279940710631585200388313935568217668286821744122364322609580020817244376518015388786642345860541947895717654053257331747076392127101890605740015683441285886076222472319589314403228744559987407295350056157296212296581561865
272 182654847668258143170983683944451205670563301951993452349854637634580800361437097325503374965217302515328023985765554083227981731400137523572972281720824330484709212869460721775831840763156028091622850524824097233857858543567178228284654468159047655014252106854581892925201414588526403531957522351972214241368307585456439909600623564490098395727627094574108716238144680510732056537067264267714042467652317461327209534526493684850187223405422293566963407278433696049482308197991527140697741592181021854780500608376611218797709589247468132164560874
273 49862771092147061323453180625581099419091564137324170638543965739550089927683181438950231252208007617130224073288672249452916793896037863014299378528956874656392834905599012094596118634975930036583538587427864699723893721375600409175069752222464920944852807121137054782972049014153811731426307095808078592028100831100832536293574730097985279027144780013603404323829245682268500013535685677410865227385579814288674856633594680995719869700581421758276653429669917662300558828578054299727529821273173437485808494435405475806914584523656343893598517923
274 13661854657607484502619256900250456122778776933884396775367181661924905013102621410221205798537829122153764364550727738591255321003632807936703013143118683120163091088980089484200281750528710051512501790685196288210968722416993980870454017546428116415870575539528931826956875555985063579169880455646637253324585993490127140276184967927424149203619755888481785484084652223117896804114626343086161832683065723254630501727752469078293920396817483126492346032536285939597520774742277946532472396052807362411117504896002738079976835342339398585721460883970
275 3756861351776248769638771645602884039403839302362787271012270510404778455246190719223712146130650851834797866476732919641649699304478255267702465578772287886329680681817886373560867122607090958018784140008195261928394146713826535844298853216318809113584130125071492044397995317776607953732945199416280281594535426880662232997088983888240219408587350723305281625846106182382071833481270311174715604810110760544149039231862784033165551251281999450617618899696810957717472805470911001843246527264705812870800449777845248098737247644608361249130105022756293
276 1036852995744887183528540095527710414337221969721430395817055020158229009915333872148988695533332246913230041146050852227921034105197073896739999412142574599285876475908661624431477764017637090616333917905470207272899575007585455094136496008345720093875440708861525763065261258745767811929382808697883167638632753287118894712250987305762301052778807549637235722765543059814248293285949380229956561791889195328666060975768342234916071078943777934068631352618977485927969824132450321970424570973952423239434481173637230522489261106188803907528221696394338322
277 287197077247562457573990956155784221377751634456462724732685826835635817094291267302948467601464837302669412257745414793019612611467547026832259782117829291417215954035408274949102744959370493184774850088962938742156609413493915518608652904225820322805138818075475128195923083699886282012723591867296442360254988302834750495710025444461439949645167831559502741209912302158084856870470359424349285526737139753987441098969223643968844588774108933230511234247614495789021974235725932593124838951575902435104493429069583698120976767576059444635951891838996862107
278 79837695618221906061018156064459224656753877683926451433836954080180446351735355017787292816126306846922524191441990597412531795210324566898103104254565013852899875049914213836320186145356534259038231826071036823007160969427536696216952583391114603338191565958660761819617519520485712193062659300681924117661989471457971859674891770006047007047571772049603630649669688852735187764039345141280814183481635829718896343502825884536699292523675788578721704153759228251801796447464628331941420424708941815834617257639381816617093864459828531532166977800317964382938
279 22273860647989992033147251527638053705994475866134846973710816808667764360753198618070243625395589514672653617954309558852650102824226453782755189573836677125422336180458839029682457595596454604473668240102369501099351650766411467762051170340818959648368918141590392706074795732093265904428474414880220228272668436536803979470993793573479979695044117994060866941988752164350145645741146346151683205599743464883763736422968282564428785336432840006323474198225848523988058699632097156158665760482174145912121355373887464929046281466913267035984377582309695560864137
280 6236442898118464249378126033498786683103892659809930267258207741625949805542049859276255943006168497574068460955409068839717460851051976527601123483746765362661342088752026878722867406717586419282606049245516469815288252271700826533793413802644558560997535078460193398714709825545781700190258902454429013489353473097523136503164894148631442935845566624190461005412885858951616757647215159361995667584674620811170775973431331900438704511024076641171596944919664406174064527419814761341142400733825839608079132398854984336879922770097114891352609703929808973085953002
281 1752374030255703369104768556968451576400598946104917334254963650561929664089730435536711962082946239071678877438673499619355725952362131003295259998461712781190581238942852673741179727604148313124321401482246766213698004690938282119127704508910452710943886285001744514312878123620129057230129167034789675552764662256343354227227840805659328928090792783396300629456753437234448724096222415523494678904621666703618187464713367343275560324852486488338714539758127170505970701033165792588311372430653858632164068817030405197614845829970526151709036355059657905980260959659
282 494150878093985545233390042333716229484445425492733154469160444639608587853735328756898296623764075431754034908178862156767879498735037484539520601856400478023566218780243050255870017225291924843105621118172853771712295362586636770050943048277369645942977904155417404619604693461531610322484544459893084995533669531089855761261216014086851484280212207386423084045640916000979930961536221650180962665031821336431667558655331854375125999731305301905766345821462166267497203832704353609014144865505550710802450649848892983090087320648512293639308367631130043676202137581090
283 139839472427160325043899516054214965088555578532532939308663481368945293052166864056444311986608159405252237829954885575820136968396619182451809575168891353719418594244334512210395323876904107171927174008754577896805662242188602523947110160498379423745456553914515529153955911754290549567357199919656488548533200731008992104376348469706745076263242226332403647156632197528142922277955035507710340531851919138796668356922416541944689008421266245612849551806225592392847000785756915516377410105241068974809989684593161266267767156571885635328416698204240856201412286706161877
284 39712936441153579206625627225177238582302195847789058734764452049399173303462779480525377219918371727084800083323946159714008602006907203924693435560081405452539099975306097552527462746984768131703459309837819263259719299633682203643392785622255621596776326079076535317605390096826954828350482360901564622601468176098459466156520257961839099881610649783584084174645913006617194120437075780389145531205060854998280692050879633714599676299610421010542390406764322228658160489090712672679551275144713780390203472024692749301394600963592714057670598751838372772940913193787391026
285 11317769827558027863005086846391990820315097806529661561984269999135573287445440001737295475158487093621183576045395316450886904998034617405146996277540253220474691231153867410902984366372385017361969284364214337348041671277342268727273299194227883932060952946106039820628308396095199001397615561918316646348133115174175584140555767124861305076906710517082081192479226579259147134263729699920085595961085743694692246923059718309501016310694357075176589336035898109526281152272450237645914664117626194292514544199698908248465112275507402778598001678701927627069145339731907976147
286 3236763728106525577935761517825815251093012253450137980259217299713273051123243357178442802333449905184848063332586164603598778650923596368534388753342718366822157437267092669412653953079660073320420649731228435211073059959254054087674297970117342463713899820699359642994251562108775510569122801807735834299022224545719197024592335994364489336922600325025736752886566406643275470911213189366172461657102680956996767885204526856109375863751275183443657240319349610665071941488992456079116005128204981584950259966124111723200192452262261220012918161720680421206935234971907694700058
287 928917434383242004064048061381231417090688316839370562617242408408891235272758509449570446507926304367083482494429994562833159578438531560767097919640496160036988636548506514262835606482709987743686371323984504062322817395771533330859674850724735641930279636298964064281921014645090406159089826558668859568445876073865639098437952495463594334937823853360837771702463299776724495292496365468050724316621570404614382497011013241167591673834698247912238665218701323510164860231730118689832983470223482591022438417919643087227026924117329479094210525499007872142104683027047345493190441
288 267518567161904208916949760643540383848534327168534803105412899425301057530716746739043838667306440016652115282046309184704497450504528387382014733549773407131908908675905776056624400792116697893923580053106502321574940815232289777116213853902891403639824475711126851821085582624614301296988376824651257369613306939291827878757574172180087836511348707740365966906508577600071564728423197897526153972704730306375848555193647105839261365948928459192446611966196822094758212626064389301905860344667249148364408353527193600533861567158031738779964405636917782456648855407203898775063633834
289 77310095273439883880944190330961807104511520035700902382869011489079753527401555016902935147521947787079864214344252420848799896863857999828172633561336969525091573081585128347952645824918747953802126390334706022542438994469820645101995221992138345467977792096914355359463455326128753923078479106670730076053265274791075487903966878088855408859159177456677456234474785479697325222804219540967445303647738384860404484411947384441782753121035829907654526079782889310127628640649325990594025414399492541922637029943336047772022554563278634626415034874892666292629240855592808431857815192851
290 22419129698774267010393221725992827517378289201991190440098164484698672640592469986347675885679786488113854059401694722898981625524840623873740156067100864700506246979293133307801178021444176174751011557465628463357023581470174933293916872751813455356119875628083199543577405527934309726480114570847633694178735292939409873756807944653938935999348129148078238108456024972512746726633019290567134390030601139774558620719857976022053686106756043369724438460439832746711406697618974625082507154476494390956316769389294393163235851873962795861887443159773451341219821713929213319381781575534338
291 6523736144080138881173195272623873548164034824493957933257019119535476861357521276335347675790949460120296885190431013742536279365699366406043012561575217373743152428241341768534316519823881394893312716697168894264227081231824089718840579016252977858638425130116802589025684950723580970834200164709027578598322516205835344681370895062671659363353355665437126493977652180372625597293186399267233696600304165463270492797918069833291929697824607076630491809016137015930812621307713139994540138903759703971584729144247581605224161246920638316048826351504676866318587381385456481081346182108156933
292 1904864081628620857711645230641509712609161821428169277064119646288676595362365799509155158542260173905983104856485571272241316796941074223078199342010729591441013846801620311107474230070800749932923819064689418145490012073933616422838898635428180975795114811552682844115565670707392772027243942912969954165610451178332018004348759338097296624569047602278318352930949693783623854156704524619907309067165716913305256861249130425180598171840951019101194526987418673157369888423394609642949266763978513254933144084375520204897568212857253187185889209536125846282382269843790234839582577960071588626
293 558105716340815639339847713130906375220609034806825478211820602313325291294765036708343689067207475846590845139995380956543898733599658120441491310761469980018281710501859387628120545877748465988444663766248415782396895287890827673533634097202471028658435449466598789009457160955719909956298821061604799178907714273280683307079584100312247951580926667192714707216074794102895761841663940354859190777897750943171650849229058235851409984222517545392858537214607029348832205910597373486689959622866476986821574380278123159064581199982440119745212754790484534475956617520317457658336830156450303285611
294 164077398496200044277209873391420691058866996278020978688787447364031910441921229365813630459348112624143976697818290171610581150575899141447304891372849785744075811820763041230043163907108634874840837076047689982176581121171018540442166050296268159321059980820549875217893299910400678143380651068975508267463153863001432551049719108901064146004956141755942675337028060995696904011489713799106632644746338545165001028276479134158867460523680240330345724835032120341091133898099090153055720328631472291947079950722063593366605904760358937579838071522991515887297712035792516754064973613237267714168602
295 48401167724430944279249057425453663586112899067026163838829061290506190330164254306842440081374893800444943844945130999397213807520400445111285199271343910026508763506037309458757617291990579872670193601177712068570301514665081942473817455961221057106505193618594336615133698161506152660686492464988406530365801993819398291994804804771413704875017913897520182337958004794594533395112246106916959506288598766297699736653514693794286770842185201957753911426547277098390740549688128759138918913925965689683632756422392262515056751880935298512691727588134569733696289619036094660176166870668535065190594281
296 14326256193342149393597316672640005898320699497612143300012419073310525422840977061200233325033019295158601674210726285602309884444399402920872858649617109844274954434772612716827983035197592931482664071711629293523923494771557128465955112271800221943782192321683140494864321085671651015342516350427774340420375776779589159968288170644556459768539134443200416538964628449992120935978688115853490666757742572793855476293240358958742368263814791694817567843218139389341481199180881103871508744838931110401021371984611842149150556704108703390637282537296946775413520319705649321329656984902380194364894755114
297 4254753702959753965052114238996773216034825236541926939760870453838234032161244878923644526503920874979813112511394632751459427222089357052276121406422376555692315243901007959309807975941340261378108313369028898958785708400473089365621733833891214941207552097097064219833402550883787409836146716868149196516323255168268336187158966376117145170699545666676592600346693646347930524385334124298094495853635762608860877989586592555817690309701785290022412122349451173296564973146630861138568488433153025890179695327142099613894955188752629025618435395370399674630734498111612330110361103907101325704662595496155
298 1267873865735372376948342160153849298912579018510090819317424141410227513256644614924829053687214806630502961782663308712158540668459441766552372221436022282214411214852802534154540618030593914188050316418674477212232895440081950999263225534406362104752018541275713011988557518993229059993129148679190243105454214806787206417608592101024515340204619754256549012137531974246727243433783954968117705622523166341347346322919380600590876102547822499181073534150342838494209037056771222062789392967766471710889811870334348936264242412847031179151708748873138988257686302923262337904759528625565196868558426418124450
299 379081592934809420802748887141877276786474133498803691293211787430582916239540729753702461789471807386655436757121895984648969778859414013352362912098568436506823881176188560441182769694386536350370517966013792276380948178880506588129681257672179042143951851447013707774679693168346624515230376713128802131070093138844098092920025027023877408489964959583191404305164374604310657102192357004617830201343672959331044593438016085462776752635826465279926899311105485810710937799461415060756865541883211320645450414088955935242071339300912231863119852113424997750718113871263877702513075022195017747646061687217391445
300 113720695446706151824501413716513498998133114502443963833651312337879190396378729709795091461462274498091624552509583705912262500508725600961267583819951354960326626583396441011329385038320608019808450146379813639278933714541638534007985488590334155795914226678549895177524611139283036957826152473292212658967796692315080330579807311307314333001266371294938427626025774479608026492895343733562842729487316487770777332862303492353547625021840410985380390375278287771210565958912730365919495599490548908054013570089758395964992253218497152795433260081844544920264233182418342148466552185999146775891138264272876438194
